66.50978431878717
40.1122007478914
75.40140172865112
61.64862561614485
50.58319561859588
48.129814275398964
40.82778480744732
97.75685960332264
32.97700052879032
19.27108878180851
86.93387856950564
23.68970624504161
10.177309991316974
3.3404892140544096
18.62100769330621
27.80771807504322
50.28595481637546
47.25089606841715
61.854612760034335
84.93090775477808
47.385668540170435
46.99136609042568
76.51298639877815
66.97508104306148
86.11655813905496
12.64812796583783
56.08456320586549
4.96079164000639
14.294031587567835
63.96232062683653
7.795897650032336
98.83351082337298
32.433585771164175
82.59941036003163
69.35015280749234
94.28755023814674
48.20790601099307
9.121608112242463
59.178560972236205
71.6650896278561
11.147023051678929
87.59603965332357
75.95499138376688
21.005685435570687
38.30226644098255
28.837806185285164
60.09636917907491
9.450438920010384
65.13007511157227
84.4784741685273
5.069431393422208
82.45899648990726
7.511749321038497
98.36699229240577
59.54685854034929
78.6763648484345
0.6104595562174686
29.251352463131376
92.8035729155593
79.79054413992178
88.17696506827907
19.255794400864335
5.216561351885418
61.35077699919137
71.95063125319604
16.359722768200946
53.329340683028
58.27019745218609
94.96253222290669
45.90092709695167
24.664710988827597
9.615529570852644
24.832535104217445
66.06706830139693
41.317244414232
1.2904030088423557
23.56245870873044
35.405868785576175
93.3294712238118
82.34776590320251
38.86252924598729
66.57576274987632
2.9534847253644303
90.9207717098079
28.708513580901474
39.875255613666916
99.12230682974919
89.1404206787996
35.61210063576251
2.5305786704373
37.80298681133964
72.91215483121971
59.99719277641358
85.28766496991109
38.37610987924654
92.05250319668643
43.109996839978656
26.545888318078635
18.784017471905447
89.04078598701498
59.050915538004745
6.087379829486195
2.9126980153346693
40.51977207901945
32.80139374651411
55.397165494234116
42.51998927788476
64.68314498922668
46.529078123812326
29.635785189621345
42.99533859360892
39.816443436360736
69.98973419484663
97.51741525986469
7.334100748508665
64.51216719254842
52.50458433708213
29.66299308005467
15.931906774814596
78.45853912711425
43.776857989725634
43.43916320146861
41.152414099615584
54.205395459161124
68.72148023334172
92.86035409974349
55.094288999671434
64.93952682260206
67.51704413651228
75.8226318402504
26.581006767691495
31.055746758149137
26.249302853584144
67.75444525837177
19.119685373511874
49.18883839669624
65.80059693968143
80.71071575594144
95.42281689597748
11.375458498002223
27.04981578941338
90.00319579930208
6.059420157353157
29.143936977953256
88.98259903781212
66.6513912111516
89.89982420302583
87.58391119344677
82.97168852957574
3.254737057225787
42.24088185548126
67.82651396775987
21.27245184068951
23.328181533499393
12.84615885278294
92.86987840899961
40.68879760923521
19.709641752449457
80.60821774238603
71.31347965691513
73.39982867701922
76.33931180622587
14.137805823612181
36.31889387496524
96.097751959958
89.52713206954849
68.30743635662208
2.9933354496801012
75.8726916657573
19.766151027740154
85.62447280841909
96.3963068348373
26.69027503322323
73.21594203889336
68.28148692508034
34.49858760242906
13.842932799505657
33.17161328876279
61.82932714125299
85.67669093290948
95.41606025152781
36.15038749174788
44.641007243205955
58.70480613215364
69.59535060267915
14.669090050482259
48.68213327470268
24.71020973855301
4.551731614844434
9.352332832734644
46.57629928889233
15.186950803992472
63.675514657255285
86.70257687675281
27.551489597937582
87.91658260928206
3.0915327220235045
85.6796309971672
50.57621739006495
3.5236133015790982
